2752
2752
2752
2752
2752
2752
2752
2752
2752
2752
2752
2752
2752
2752
2752
2752
2752
2752
2752
2752
2752
2752
2752
2752
2752
2752
2752
2752
2752
2752
2752
2752
2752
2752
2752
2752
2752
2752
2752
2752
2752
2752
2752
2752
2752
2752
2752
2752
2752
2752
2752
2752
2752
2752
2752
2752
2752
2752
2751
2751
2751
2751
2751
2751
2751
2751
2751
2751
2751
2750
2750
1692
1689
1681
1680
1677
1672
1670
1669
1668
1668
1658
1657
1654
1643
1642
1642
1638
1608
1608
1602
1597
1592
1579
1577
1565
1563
1550
1543
1535
1418
1418
1404
1392
1374
1363
1319
1306
1260
1253
1148
1102
1086
974
877
724
1
1
1
1
1
1
1
1
1
1
1
1
1
1
1
1
1
1
1
1
1
1
1
1
1
1
1
1
1
1
1
1
1
1
1
1
1
1
1
1
1
1
1
1
1
1
1
1
1
1
1
1
1
1
1
1
1
1
1
1
1
1
1
1
1
1
1
1
1
1
1
1
1
1
1
1
1
1
1
1
1
1
1
1
1