2812
2812
2812
2812
2812
2812
2812
2812
2812
2812
2812
2812
2812
2812
2812
2812
2812
2812
2812
2812
2812
2812
2812
2812
2812
2812
2812
2812
2812
2812
2812
2812
2812
2812
2812
2812
2812
2812
2812
2812
2812
2812
2812
2812
2812
2812
2812
2812
2812
2812
2812
2812
2812
2812
2812
2812
2812
2812
2811
2811
2811
2811
2811
2811
2811
2811
2810
2810
2810
2810
2810
1725
1724
1722
1716
1713
1710
1707
1699
1698
1697
1683
1680
1672
1658
1649
1642
1629
1618
1616
1605
1590
1589
1572
1564
1538
1528
1511
1490
1478
1446
1436
1429
1420
1394
1354
1322
1303
1282
1260
1220
1170
1139
1060
990
861
1
1
1
1
1
1
1
1
1
1
1
1
1
1
1
1
1
1
1
1
1
1
1
1
1
1
1
1
1
1
1
1
1
1
1
1
1
1
1
1
1
1
1
1
1
1
1
1
1
1
1
1
1
1
1
1
1
1
1
1
1
1
1
1
1
1
1
1
1
1
1
1
1
1
1
1
1
1
1
1
1
1
1
1
1