2909
2909
2909
2909
2909
2909
2909
2909
2909
2909
2909
2909
2909
2909
2909
2909
2909
2909
2909
2909
2909
2909
2909
2909
2909
2909
2909
2909
2909
2909
2909
2909
2909
2909
2909
2909
2909
2909
2909
2909
2909
2909
2909
2909
2909
2909
2909
2909
2909
2909
2909
2909
2909
2909
2909
2909
2909
2909
2884
2884
2884
2884
2884
2884
2883
2883
2883
2883
2883
2883
2883
1881
1881
1874
1874
1874
1855
1854
1853
1852
1852
1841
1841
1839
1839
1839
1839
1839
1796
1796
1795
1791
1791
1766
1765
1765
1765
1759
1757
1755
1629
1629
1629
1627
1616
1611
1596
1595
1594
1593
1525
1521
1518
1472
1442
1411
1
1
1
1
1
1
1
1
1
1
1
1
1
1
1
1
1
1
1
1
1
1
1
1
1
1
1
1
1
1
1
1
1
1
1
1
1
1
1
1
1
1
1
1
1
1
1
1
1
1
1
1
1
1
1
1
1
1
1
1
1
1
1
1
1
1
1
1
1
1
1
1
1
1
1
1
1
1
1
1
1
1
1
1
1