3107
3107
3107
3107
3107
3107
3107
3107
3107
3107
3107
3107
3107
3107
3107
3107
3107
3107
3107
3107
3107
3107
3107
3107
3107
3107
3107
3107
3107
3107
3107
3107
3107
3107
3107
3107
3107
3107
3107
3107
3107
3107
3107
3107
3107
3107
3107
3107
3107
3107
3107
3107
3107
3107
3107
3107
3107
3107
3103
3103
3103
3103
3103
3103
3103
3103
3102
3100
3099
3099
3099
1941
1935
1930
1925
1923
1914
1911
1905
1898
1898
1882
1881
1879
1866
1863
1850
1847
1821
1815
1806
1794
1787
1772
1767
1749
1747
1720
1709
1704
1627
1625
1614
1586
1560
1527
1487
1474
1421
1399
1295
1210
1169
1077
928
644
1
1
1
1
1
1
1
1
1
1
1
1
1
1
1
1
1
1
1
1
1
1
1
1
1
1
1
1
1
1
1
1
1
1
1
1
1
1
1
1
1
1
1
1
1
1
1
1
1
1
1
1
1
1
1
1
1
1
1
1
1
1
1
1
1
1
1
1
1
1
1
1
1
1
1
1
1
1
1
1
1
1
1
1
1