3237
3237
3237
3237
3237
3237
3237
3237
3237
3237
3237
3237
3237
3237
3237
3237
3237
3237
3237
3237
3237
3237
3237
3237
3237
3237
3237
3237
3237
3237
3237
3237
3237
3237
3237
3237
3237
3237
3237
3237
3237
3237
3237
3237
3237
3237
3237
3237
3237
3237
3237
3237
3237
3237
3237
3237
3237
3237
3235
3235
3235
3234
3234
3232
3232
3230
3229
3227
3227
3227
3227
1997
1993
1989
1980
1966
1960
1952
1944
1943
1939
1921
1910
1886
1878
1871
1858
1851
1833
1811
1793
1772
1754
1737
1710
1695
1680
1644
1622
1597
1567
1556
1538
1503
1471
1434
1376
1334
1287
1226
1154
1095
1049
937
797
633
1
1
1
1
1
1
1
1
1
1
1
1
1
1
1
1
1
1
1
1
1
1
1
1
1
1
1
1
1
1
1
1
1
1
1
1
1
1
1
1
1
1
1
1
1
1
1
1
1
1
1
1
1
1
1
1
1
1
1
1
1
1
1
1
1
1
1
1
1
1
1
1
1
1
1
1
1
1
1
1
1
1
1
1
1