4314
4314
4314
4314
4314
4314
4314
4314
4314
4314
4314
4314
4314
4314
4314
4314
4314
4314
4314
4314
4314
4314
4314
4314
4314
4314
4314
4314
4314
4314
4314
4314
4314
4314
4314
4314
4314
4314
4314
4314
4314
4314
4314
4314
4314
4314
4314
4314
4314
4314
4314
4314
4314
4314
4314
4314
4314
4314
4303
4303
4303
4303
4303
4303
4303
4303
4303
4303
4303
4303
4303
3988
3988
3988
3987
3987
3985
3985
3985
3985
3985
3981
3981
3981
3978
3978
3978
3978
3976
3976
3976
3976
3976
3975
3975
3973
3973
3973
3972
3971
3961
3961
3961
3961
3961
3961
3961
3961
3961
3961
3960
3957
3957
3956
3956
3956
1
1
1
1
1
1
1
1
1
1
1
1
1
1
1
1
1
1
1
1
1
1
1
1
1
1
1
1
1
1
1
1
1
1
1
1
1
1
1
1
1
1
1
1
1
1
1
1
1
1
1
1
1
1
1
1
1
1
1
1
1
1
1
1
1
1
1
1
1
1
1
1
1
1
1
1
1
1
1
1
1
1
1
1
1